[Tuning]
Name=Iceface Tuning (black keys +50c)
Format=Frequency
A4=440.0
Note000=8.1757989156 Hz
Note001=8.9157719382 Hz
Note002=9.1770239974 Hz
Note003=10.0076156320 Hz
Note004=10.3008611535 Hz
Note005=10.9133822323 Hz
Note006=11.9011277138 Hz
Note007=12.2498573744 Hz
Note008=13.3585641909 Hz
Note009=13.7500000000 Hz
Note010=14.9944813241 Hz
Note011=15.4338531643 Hz
Note012=16.3515978313 Hz
Note013=17.8315438765 Hz
Note014=18.3540479948 Hz
Note015=20.0152312641 Hz
Note016=20.6017223071 Hz
Note017=21.8267644646 Hz
Note018=23.8022554277 Hz
Note019=24.4997147489 Hz
Note020=26.7171283817 Hz
Note021=27.5000000000 Hz
Note022=29.9889626483 Hz
Note023=30.8677063285 Hz
Note024=32.7031956626 Hz
Note025=35.6630877529 Hz
Note026=36.7080959897 Hz
Note027=40.0304625282 Hz
Note028=41.2034446141 Hz
Note029=43.6535289291 Hz
Note030=47.6045108553 Hz
Note031=48.9994294977 Hz
Note032=53.4342567634 Hz
Note033=55.0000000000 Hz
Note034=59.9779252966 Hz
Note035=61.7354126570 Hz
Note036=65.4063913251 Hz
Note037=71.3261755058 Hz
Note038=73.4161919794 Hz
Note039=80.0609250563 Hz
Note040=82.4068892282 Hz
Note041=87.3070578583 Hz
Note042=95.2090217107 Hz
Note043=97.9988589954 Hz
Note044=106.8685135269 Hz
Note045=110.0000000000 Hz
Note046=119.9558505932 Hz
Note047=123.4708253140 Hz
Note048=130.8127826503 Hz
Note049=142.6523510116 Hz
Note050=146.8323839587 Hz
Note051=160.1218501126 Hz
Note052=164.8137784564 Hz
Note053=174.6141157165 Hz
Note054=190.4180434214 Hz
Note055=195.9977179909 Hz
Note056=213.7370270538 Hz
Note057=220.0000000000 Hz
Note058=239.9117011864 Hz
Note059=246.9416506281 Hz
Note060=261.6255653006 Hz
Note061=285.3047020232 Hz
Note062=293.6647679174 Hz
Note063=320.2437002253 Hz
Note064=329.6275569129 Hz
Note065=349.2282314330 Hz
Note066=380.8360868427 Hz
Note067=391.9954359817 Hz
Note068=427.4740541076 Hz
Note069=440.0000000000 Hz
Note070=479.8234023727 Hz
Note071=493.8833012561 Hz
Note072=523.2511306012 Hz
Note073=570.6094040464 Hz
Note074=587.3295358348 Hz
Note075=640.4874004506 Hz
Note076=659.2551138257 Hz
Note077=698.4564628660 Hz
Note078=761.6721736854 Hz
Note079=783.9908719635 Hz
Note080=854.9481082152 Hz
Note081=880.0000000000 Hz
Note082=959.6468047454 Hz
Note083=987.7666025122 Hz
Note084=1046.5022612024 Hz
Note085=1141.2188080929 Hz
Note086=1174.6590716696 Hz
Note087=1280.9748009011 Hz
Note088=1318.5102276515 Hz
Note089=1396.9129257320 Hz
Note090=1523.3443473708 Hz
Note091=1567.9817439270 Hz
Note092=1709.8962164303 Hz
Note093=1760.0000000000 Hz
Note094=1919.2936094909 Hz
Note095=1975.5332050245 Hz
Note096=2093.0045224048 Hz
Note097=2282.4376161858 Hz
Note098=2349.3181433393 Hz
Note099=2561.9496018023 Hz
Note100=2637.0204553030 Hz
Note101=2793.8258514640 Hz
Note102=3046.6886947416 Hz
Note103=3135.9634878540 Hz
Note104=3419.7924328607 Hz
Note105=3520.0000000000 Hz
Note106=3838.5872189817 Hz
Note107=3951.0664100490 Hz
Note108=4186.0090448096 Hz
Note109=4564.8752323716 Hz
Note110=4698.6362866785 Hz
Note111=5123.8992036045 Hz
Note112=5274.0409106059 Hz
Note113=5587.6517029281 Hz
Note114=6093.3773894832 Hz
Note115=6271.9269757080 Hz
Note116=6839.5848657214 Hz
Note117=7040.0000000000 Hz
Note118=7677.1744379634 Hz
Note119=7902.1328200980 Hz
Note120=8372.0180896192 Hz
Note121=9129.7504647431 Hz
Note122=9397.2725733570 Hz
Note123=10247.7984072090 Hz
Note124=10548.0818212118 Hz
Note125=11175.3034058561 Hz
Note126=12186.7547789665 Hz
Note127=12543.8539514160 Hz
